121 8
0 0 0 0 0 0 0 0 
0 0 0 0 0 0 0 0 
0 0 0 0 0 0 0 0 
0 0 0 0 0 0 0 0 
0 0 0 0 0 0 0 0 
0 0 0 0 0 0 0 0 
0 0 0 0 0 0 0 0 
0 0 0 0 0 0 0 0 
0 0 0 0 0 0 0 0 
0 0 0 0 0 0 0 0 
0 0 0 0 0 0 0 0 
0 0 0 0 0 0 0 0 
-61.258 -77.1232 -79.4109 -68.6189 2.40531 -68.6189 3.77881 16.0577 
-40.951 -68.6189 -52.1703 5.16449 15.7969 3.20991 11.1149 3.31222 
-56.9533 -61.258 -71.757 1.57181 38.0214 11.1107 12.0911 67.5602 
-81.4698 -89.0581 -74.5813 18.7133 98.3996 23.3606 59.3163 43.3921 
-97.2187 -97.2187 -98.9225 76.0351 77.1508 94.1479 99.2804 124.891 
-87.8423 -87.8423 -61.258 95.8909 57.4484 66.1256 109.312 60.2929 
-79.4109 -84.9905 -79.4109 53.1359 28.5343 114.573 64.1066 28.2394 
-79.4109 -79.4109 -77.1232 69.2524 3.5847 38.316 16.6474 8.90447 
-61.258 -68.6189 -71.757 20.6507 -40.951 11.8656 6.71912 -74.5813 
0 0 0 0 0 0 0 0 
0 0 0 0 0 0 0 0 
-71.757 4.66543 5.05942 -61.258 10.0538 -52.1703 12.1122 22.303 
3.40956 2.16047 20.2062 5.48919 16.8404 19.1681 34.389 14.4865 
2.7476 8.43542 43.6732 14.0641 54.211 32.9117 25.8382 21.2214 
19.552 48.7858 124.416 23.6829 72.7732 42.3252 25.3233 57.3895 
32.6776 135.02 64.0905 68.1215 88.7941 31.5206 65.0283 60.3607 
131.663 83.1021 77.7855 76.2085 67.3153 81.9232 85.2371 87.388 
48.1683 47.3978 24.8767 104.737 18.0459 46.9107 58.4614 24.8731 
65.3662 20.4857 6.38156 39.7924 10.9637 25.1718 20.3563 12.4674 
21.8616 4.3857 -65.1322 6.78317 -61.258 35.0662 11.0423 -68.6189 
0 0 0 0 0 0 0 0 
0 0 0 0 0 0 0 0 
-71.757 6.50094 9.38166 -74.5813 20.9595 -52.1703 46.5916 41.2686 
10.9584 10.5163 15.714 13.345 32.9203 51.905 47.4789 17.9414 
17.1778 18.518 80.8379 20.1232 24.2452 26.1901 21.4274 19.2396 
16.7836 39.5579 88.1187 25.3426 36.349 16.8883 14.4138 11.3986 
71.4388 60.2629 112.984 24.5629 44.3921 20.9794 39.6978 37.7798 
70.3491 110.746 44.2881 52.7551 37.0018 32.5842 24.2785 41.5634 
111.944 42.8987 26.8791 46.3597 34.3781 36.5418 40.7365 37.4703 
34.307 18.1459 8.1337 74.3846 21.3897 26.7867 30.323 48.4225 
15.3873 11.1227 -56.9533 29.2447 -71.757 48.6805 20.9327 -68.6189 
0 0 0 0 0 0 0 0 
0 0 0 0 0 0 0 0 
-71.757 19.8415 30.7477 -83.3228 48.6182 -65.1322 79.2032 45.6279 
22.486 27.2564 26.2736 29.9152 24.1322 80.1875 41.2347 24.338 
20.5671 24.6397 24.5385 60.4036 15.1777 26.0439 10.842 8.78602 
57.8517 23.3469 28.6998 14.2801 11.1394 23.5966 10.9383 15.1953 
34.6336 67.4054 67.0597 22.6123 31.0403 8.24398 25.563 21.3634 
44.0388 45.5203 68.9687 11.2009 26.9633 27.541 10.9141 42.7644 
61.2408 52.1284 27.9528 24.6985 28.3603 12.2812 47.7713 66.426 
46.3823 37.8983 24.0828 26.0063 43.5193 40.4481 70.4842 39.8329 
27.2147 25.8129 -86.4915 43.8715 -84.9905 54.7917 62.6634 -93.5389 
0 0 0 0 0 0 0 0 
0 0 0 0 0 0 0 0 
-92.821 46.2714 53.6106 -92.821 63.1587 -92.821 34.9787 47.4076 
49.9997 44.836 23.9235 67.5989 19.2679 33.2552 42.7308 27.3989 
56.6764 26.8544 17.7833 15.1461 3.3108 20.7218 11.9148 10.9711 
13.7527 15.402 15.2562 30.0379 8.30238 19.056 9.84953 2.20306 
19.9234 59.8485 9.82961 5.78042 11.8586 2.10558 3.67567 13.2356 
18.7154 19.5948 20.1864 23.6085 43.17 1.8873 11.0954 19.271 
41.242 28.4046 28.6769 18.1672 71.2166 11.5722 23.8569 28.2835 
55.1438 53.1466 49.4256 48.5308 75.5049 20.4026 49.9295 54.5305 
44.2521 50.3362 -96.1848 62.9654 -83.3228 47.9364 42.0242 -65.1322 
0 0 0 0 0 0 0 0 
0 0 0 0 0 0 0 0 
-81.4698 61.0494 42.1267 -68.6189 27.0906 -83.3228 8.29692 14.8447 
59.4924 32.248 17.6148 26.099 8.19895 8.22185 15.7034 14.8891 
49.4677 20.0549 9.51576 26.22 7.73455 11.0741 15.7108 2.50739 
16.0145 9.12446 17.2825 29.2056 0.986772 7.25139 2.65798 0.562642 
3.65954 4.69785 3.29011 10.5023 7.85928 1.85986 0.856038 2.12019 
9.96297 16.1241 34.7652 0.383852 10.1538 1.32356 3.19035 5.25524 
9.12376 26.404 46.5222 5.75229 32.8296 2.54346 5.56845 15.7735 
39.7252 56.7786 75.4878 20.4309 35.8541 10.0455 17.3563 18.8393 
69.4738 43.1967 -84.9905 53.1215 -92.0234 11.3057 18.2809 -81.4698 
0 0 0 0 0 0 0 0 
0 0 0 0 0 0 0 0 
-56.9533 17.1924 35.8913 -46.8559 8.94168 -40.951 1.40432 0.373963 
16.6954 34.6788 21.4308 8.21284 9.05944 3.41436 0.683375 1.5307 
35.0074 7.47488 6.67647 4.15732 3.45952 1.2178 3.31019 1.42177 
19.3521 1.87844 1.40327 2.52538 0.315475 0.0919874 0 0.75608 
5.46561 1.83236 8.36043 0.271258 1.30833 1.75772 0.128399 0.258843 
0.977824 7.88627 11.4862 1.029 2.58195 0.44128 0.0718307 0.595791 
1.7969 8.485 34.4671 0.544791 3.75948 1.44577 0.385632 4.33751 
13.0672 20.6951 35.96 7.1385 13.4705 1.19908 8.25445 5.41063 
29.0081 48.3948 -68.6189 14.1345 -61.258 4.25983 2.35775 -86.4915 
0 0 0 0 0 0 0 0 
0 0 0 0 0 0 0 0 
-34.39 5.85483 10.8224 -77.1232 0.0359117 -46.8559 0.0828637 0.267627 
4.98129 3.54501 0.0160031 0.293395 0.238464 0.0928016 0.314395 0.214893 
7.86633 9.20552 0.434904 0.383027 1.02071 0.0637209 0.254968 0.323224 
15.0519 2.75691 0.000784006 0.0727949 0.179717 0.0799384 0.401746 0.00873954 
0.19722 0.612685 0.127941 4.43862 1.02998 0.0403406 0.00280449 0.0728848 
0.669518 0.116349 4.39695 0.509121 0.413754 0.00550366 0.0579604 0.273848 
0.163445 1.24907 9.14067 0.287104 1.67994 0.0816044 0.21801 0.357786 
2.04442 3.96414 19.5686 1.41396 6.0464 0.205862 0.688567 0.627786 
10.2022 17.8966 -83.3228 1.07997 -81.4698 0.765972 1.33806 -83.3228 
0 0 0 0 0 0 0 0 
0 0 0 0 0 0 0 0 
-10 0.831065 0.350956 -46.8559 0.160027 -10 -52.1703 -27.1 
0.831065 0.0574891 2.83764 0.000103226 0.0420584 -61.258 -27.1 -40.951 
1.26079 1.61212 4.95859e-06 3.36476e-06 0.344538 -27.1 -40.951 -40.951 
1.4053 2.97826 0.294238 0.16055 0.0197401 -61.258 -74.5813 -19 
0.00673211 0.012014 0.0404011 0.0736532 0.101407 -52.1703 -40.951 -27.1 
0.00801838 0.352085 0.353715 0.00889551 0.443285 -34.39 -52.1703 -27.1 
0.309459 0.748299 3.37714 0.0606092 0.549987 -52.1703 -74.5813 -65.1322 
1.21586 3.12738 3.4297 0.519588 0.315868 -84.9905 -71.757 -74.5813 
1.0549 5.63468 -56.9533 0.724363 -71.757 -68.6189 -65.1322 -46.8559 
0 0 0 0 0 0 0 0 
0 0 0 0 0 0 0 0 
0 0 0 0 0 0 0 0 
0 0 0 0 0 0 0 0 
0 0 0 0 0 0 0 0 
0 0 0 0 0 0 0 0 
0 0 0 0 0 0 0 0 
0 0 0 0 0 0 0 0 
0 0 0 0 0 0 0 0 
0 0 0 0 0 0 0 0 
0 0 0 0 0 0 0 0 
0 0 0 0 0 0 0 0 
